46725
55672
55671
55668
53365
53364
53363
53362
50062
43406
43392
43391
43389
43388
43387
43385
42881
42638
42635
42625
42624
55673
45280
55073
38867
51172
51173
51874
38627
38628
38646
38647
38639
38638
38717
38480
38495
38644
38645
38650
38651
38718
52589
42430
41701
41700
51361
51364
41394
51365
51366
51493
51496
51498
51359
41681
42780
42121
42122
42123
42124
42139
42140
60424
46771
40970
43908
63495
63496
63497
63498
63499
63884
63885
40660
40662
40724
41121
59134
59137
59142
43547
40945
40944
40940
51360
56110
51357
51356
51137
51148
41393
41221
41220
41219
41207
41858
47648
41222
62303
54976
41241
42058
54912
54972
54973
54974
54975
54978
54979
52021
41254
51337
52023
41218
41202
41205
41208
41215
41613
41607
41238
41237
41610
41612
41609
41232
41233
41235
41236
41247
41462
41463
41469
41473
52964
53749
41753
53750
47887
47885
44202
47882
48285
52973
42197
42166
42439
44819
44820
44821
44822
44823
44824
44825
44826
44828
44829
44830
44831
44832
44833
44811
44810
44809
44808
44807
44806
44805
44804
44803
44802
44801
44800
44799
44798
44797
44795
44793
44834
44836
47356
47355
47105
47052
47051
47050
47046
47045
47044
47043
52788
52784
52783
52393
51560
51557
51554
51552
51550
51548
51546
51544
47370
47369
47368
47367
47357
44840
47041
44841
44837
44838
44839
50329
50330
50410
50411
51328
63888
45759
63765
52620
52130
47194
45762
45750
45746
45743
52416
52418
52419
52421
63449
63493
63871
52417
52415
52414
52413
51625
51770
52196
52409
52410
52411
52412
46952
45873
63979
63872
63517
60150
60148
59355
59346
52590
51768
51464
47893
47889
47862
46321
48682
47554
49639
49720
49767
49770
49771
49772
49773
49775
49776
49777
50014
50015
50017
49249
58269
58270
49211
49212
48566
49386
58728
58727
48928
48925
48160
50581
50806
63913
49213
48169
48157
57871
48502
48501
50815
50816
48164
48568
48552
48544
48558
48158
48209
51155
51324
51325
52717
57536
57534
52765
48167
47871
48577
48707
48557
48865
48930
48953
63422
63423
60615
50800
51314
58882
59481
60616
50548
50562
63808
60411
50576
50571
50568
50566
50564
53434
53653
53449
53855
53471
63938
63936
63935
63934
63933
63932
63931
63548
63939
64277
64278
55086
55085
55084
55081
55080
55079
55078
55077
55074
55072
60266
60261
55695
59245
59249
59276
59277
59279
59285
59288
59289
59290
59293
59294
59295
59297
59298
59299
59300
59301
59302
59303
59304
55071
55070
55069
53237
53236
53235
53234
53231
53230
53225
53221
53220
53147
53145
53144
53135
53134
53122
53110
53106
53238
54911
55068
55067
55066
55065
53907
53246
53244
53243
53240
58743
63506
58745
58744
54006
58735
58736
58739
58740
58741
58742
55151
54806
54782
54902
64099
64098
58123
58064
58045
58036
58035
58034
58042
54905
54901
54957
54956
54955
54954
54907
54906
55598
56394
56396
56397
56398
56161
56172
63945
63944
63943
63942
57850
58505
58688
58746
58753
58868
58869
58504
61797
58025
58026
58020
58966
58972
58974
57788
57790
57791
59004
59125
57904
57902
57903
58365
58366
60641
60642
58679
58682
60639
60755
60756
58543
58544
58071
58333
60910
58028
58027
59155
59153
60105
60098
60682
60645
59032
59033
58272
58271
64120
62943
58786
58686
58086
58085
60353
60352
58663
58664
64162
64786
60403
64342
64343
60322
60323
60324
60368
60367
60366
60365
60364
61135
63490
63489
63488
62039
62038
62037
62036
62035
62034
62027
60363
60342
60341
60328
59577
59506
59505
60952
60951
60950
60949
60259
60258
60257
63672
63810
63671
60868
60870
60872
60841
60876
60736
60739
60741
60742
60779
60778
62048
61121
61123
61122
61796
61795
61794
61111
61112
62861
62858
62856
64430
64429
40144
40142
40143
41387
40872
40871
40867
40857
40596
40595
40592
40591
40141
40140
40139
40598
40601
40600
40599
41388
64044
63886
63603
63574
63573
63571
63567