55058
55060
55061
61554
47192
26414
7070
5844
5843
5842
5841
5840
5839
5837
5836
5833
5846
5847
5845
2139
14601
2137
2134
2133
2128
2126
2125
2123
2121
60347
60348
49210
1270
64392
64390
64281
63575
63572
63492
64401
64393
64394
64395
64396
64397
64398
64399
64400
63232
63162
63088
44501
58310
58493
59632
60723
60724
60725
60780
63080
63081
63082
63083
63084
63085
63087
64402
64403
64447
64449
64450
64451
64452
64453
64454
64455
64456
64457
64458
64459
64460
64461
24970
64446
64443
64442
64404
64417
64418
64419
64420
64421
64422
64423
64424
64425
64426
64428
64435
64437
64439
35233
2129
2156
2155
2154
2141
2140
2138
2130
2085
1998
3839
3760
4073
4123
4121
4110
4109
2285
36538
2451
2453
2458
2488
14172
32161
23519
22935
63857
7314
7315
7316
7317
7318
7319
7367
7368
7369
11226
55893
55894
57116
58675
58680
60886
32850
32851
51272
9361
9754
9755
9756
57091
57729
8920
43822
43823
43824
60664
63720
43821
8923
39466
16543
16541
16535
16547
16530
16548
62675
52972
23278
22453
22364
16552
16551
16550
26937
59194
59080
47343
47342
24218
24217
24216
23982
15489
59198
15469
19049
15470
15468
15467
15466
15465
15463
15462
15460
15458
15457
15456
15455
15454
15453
15452
61175
61186
61187
61188
61176
61177
61178
61179
61180
61181
61182
61183
61184
61185
15586
15965
15540
15610
15611
37541
37542
41851
41852
41855
41856
48565
31986
30970
18914
18913
18701
18698
39357
39356
20430
39358
37641
21876
21874
37633
37635
37636
37637
37638
21873
39264
47612
56678
62074
21853
21875
55677
58967
58965
58914
58910
58909
63858
63860
63865
63869
63870
63874
63877
63883
63887
63890
63892
63893
63894
63895
63896
61284
61285
61286
61287
59129
59127
59121
59117
59113
60777
60776
55122
55054
55031
55013
55010
54977
46916
55118
30515
30516
30517
30518
30519
30520
30269
30270
30271
30272
30273
30274
30275
30509
30510
30511
30512
30513
30521
30522
30523
30542
30543
30544
30545
30546
30547
30548
30549
30550
30551
30552
30514
57926
57928
57929
51679
63879
52425
52423
51691
51690
51689
51681
51675
51674
51673
51672
51671
51670
51669
51666
51665
37030
31723
47344
33912
47183
47185
47186
47188
31730
31731
38403
40702
31695
31454
63901
64009
64010
32027
32026
32025
32024
32023
32022
32021
32020
32019
32018
32017
32016
32015
32014
32013
32012
32011
32010
32009
32008
32007
32006
32028
32029
32030
32033
38107
38109
38111
38104
38103
38098
33934
33933
32731
32715
32708
32656
32657
32658
38106
32660
32702
32707
32705
32704
32703
46470
46468
46494
46469
46472
46473
46474
46475
46476
46477
46480
46484
46485
46486
46488
46489
46490
46491
46495
63807
46492
63900
57948
53552
53542
53541
53543
53553
53554
53561
53562
53563
53564
53565
51096
51095
51094
51091
52605
51606
52290
52330
51599
52608
52609
52610
52611
63554
63555
63556
64167
51604
51596
51594
41725
41704
41705
41707
41719
41708
41709
41710
41712
41713
41715
41716
41718
34693
34723
34724
34726
34727
34729
36521
46497
48588
48590
58300
47269
45565
45428
45424
45423
45420
45419
45418
45416
45414
45413
45411
45386
43680
38305
38304
38303
38302
38295
52002
55618
55613
55612
55611
55610
55609
55603
55602
55600
55599
55597
55596
54745
52011
52009
52008
52007
52006
52005
52004
63853
51997
51996
51995
51994
51989
47471
45963
55619
55620
55621
63202
63177
63176
63174
63173
62887
61212
61211
61210
61208
60019
60017
60005
60004
60002
59920
59919
59918
59916
59915
59914
59903
59902
59552
57917
56941
56350
55622
63546
64669
64667
64666
64665
64664
63952
63916
63759
63761
63806
64139
52012
52013
63772
64377
63773
51332
51331
43277
43276
43251
43250
43249
36014
55160
53867
52128
46020
46019
38053
38055
38056
38057
38058
41246
41245
41244
41243
37927
64753
52960
64738
64739
64752
64751
64750
64749
64748
64747
64746
64745
64744
64743
64742
64741
64740
36850
36849
36848
36847
36845
36842
36840
36839
36825
36824
36823
36822
36821
36820
36852
36853
42063
42057
42051
42050
42031
36857
36856
36855
36854
36851
38059
58704
58705
58706
36915
51090
60071
60072
58919
58918
58917
58915
58906
58708
55156
47698
47700
47701
56742
56743
56744
56745
56746
56747
47697
47606
47605
41452
41453
41454
41767
42100
42102
47230
47237
47604
52057
51407
51406
51405
51404
48730
48443
48441
47641
46732
46725
55672
55671
55668
53365
53364
53363
53362
50062
43406
43392
43391
43389
43388
43387
43385
42881
42638
42635
42625
42624
55673
45280
55073
38867
51172
51173
51874
38627
38628
38646
38647
38639
38638
38717
38480
38495
38644
38645
38650
38651
38718
52589
42430
41701
41700
51361
51364
41394
51365
51366
51493
51496
51498
51359
41681
42780
42121
42122
42123
42124
42139
42140
60424
46771
40970
43908
63495
63496
63497
63498
63499
63884
63885
40660
40662
40724
41121
59134
59137
59142
43547
40945
40944
40940
51360
56110
51357
51356
51137
51148
41393
41221
41220
41219
41207
41858
47648
41222
62303
54976
41241
42058
54912
54972
54973
54974
54975
54978
54979
52021
41254
51337
52023
41218
41202
41205
41208
41215
41613
41607
41238
41237
41610
41612
41609
41232
41233
41235
41236
41247
41462
41463
41469
41473
52964
53749
41753
53750
47887
47885
44202
47882
48285
52973
42197
42166
42439
44819
44820
44821
44822
44823
44824
44825
44826
44828
44829
44830
44831
44832
44833
44811
44810
44809
44808
44807
44806
44805
44804
44803
44802
44801
44800
44799
44798
44797
44795
44793
44834
44836
47356
47355
47105
47052
47051
47050
47046
47045
47044
47043
52788
52784
52783
52393
51560
51557
51554
51552
51550
51548
51546
51544
47370
47369
47368
47367
47357
44840
47041
44841
44837
44838
44839
50329
50330
50410
50411
51328
63888
45759
63765
52620
52130
47194
45762
45750
45746
45743
52416
52418
52419
52421
63449
63493
63871
52417
52415
52414
52413
51625
51770
52196
52409
52410
52411
52412
46952
45873
63979
63872
63517
60150
60148
59355
59346
52590
51768
51464
47893
47889
47862
46321
48682
47554
49639
49720
49767
49770
49771
49772
49773
49775
49776
49777
50014
50015
50017
49249
58269
58270
49211
49212
48566
49386
58728
58727
48928
48925
48160
50581
50806
63913
49213
48169
48157
57871
48502
48501
50815
50816
48164
48568
48552
48544
48558
48158
48209
51155
51324
51325
52717
57536
57534
52765
48167
47871
48577
48707
48557
48865
48930
48953
63422
63423
60615
50800
51314
58882
59481
60616
50548
50562
63808
60411
50576
50571
50568
50566
50564
53434
53653
53449
53855
53471
63938
63936
63935
63934
63933
63932
63931
63548
63939
64277
64278
55086
55085
55084
55081
55080
55079
55078
55077
55074
55072
60266
60261
55695
59245
59249
59276
59277
59279
59285
59288
59289
59290
59293
59294
59295
59297
59298
59299
59300
59301
59302
59303
59304
55071
55070
55069
53237
53236
53235
53234
53231
53230
53225
53221
53220
53147
53145
53144
53135
53134
53122
53110
53106
53238
54911
55068
55067
55066
55065
53907
53246
53244
53243
53240
58743
63506
58745
58744
54006
58735
58736
58739
58740
58741
58742
55151
54806
54782
54902
64099
64098
58123
58064
58045
58036
58035
58034
58042
54905
54901
54957
54956
54955
54954
54907
54906
55598
56394
56396
56397
56398
56161
56172
63945
63944
63943
63942
57850
58505
58688
58746
58753
58868
58869
58504
61797
58025
58026
58020
58966
58972
58974
57788
57790
57791
59004
59125
57904
57902
57903
58365
58366
60641
60642
58679
58682
60639
60755
60756
58543
58544
58071
58333
60910
58028
58027
59155
59153
60105
60098
60682
60645
59032
59033
58272
58271
64120
62943
58786
58686
58086
58085
60353
60352
58663
58664
64162
64786
60403
64342
64343
60322
60323
60324
60368
60367
60366
60365
60364
61135
63490
63489
63488
62039
62038
62037
62036
62035
62034
62027
60363
60342
60341
60328
59577
59506
59505
60952
60951
60950
60949
60259
60258
60257
63672
63810
63671
60868
60870
60872
60841
60876
60736
60739
60741
60742
60779
60778
62048
61121
61123
61122
61796
61795
61794
61111
61112
62861
62858
62856
64430
64429
40144
40142
40143
41387
40872
40871
40867
40857
40596
40595
40592
40591
40141
40140
40139
40598
40601
40600
40599
41388
64044
63886
63603
63574
63573
63571
63567